25 96 -6
25 95 -6
25 94 -6
25 96 -5
25 95 -5
25 94 -5
25 95 -4
25 94 -4
24 96 -4
24 95 -4
24 94 -4
24 96 -5
24 95 -5
24 94 -5
24 96 -6
24 95 -6
24 94 -6
25 92 -6
24 92 -6
25 93 -6
24 93 -6
25 92 -5
24 92 -5
25 93 -5
24 93 -5
25 92 -4
24 92 -4
25 93 -4
24 93 -4
24 93 -2
24 92 -2
24 91 -2
24 93 -1
24 92 -1
24 91 -1
24 93 0
24 92 0
24 91 0
24 93 1
24 92 1
24 91 1
23 93 1
23 92 1
23 93 0
23 92 0
23 91 0
23 93 -1
23 92 -1
23 91 -1
23 91 1
24 89 -2
24 89 -1
23 89 -1
24 90 -2
24 90 -1
23 90 -1
23 89 0
24 89 0
24 89 1
23 90 0
24 90 0
24 90 1
24 89 2
23 89 1
23 90 1
24 90 2
24 91 2
24 92 2
24 93 2
25 95 4
25 94 4
25 96 5
25 95 5
25 94 5
25 96 6
25 95 6
25 94 6
24 96 6
24 95 6
24 94 6
24 96 5
24 95 5
24 94 5
24 96 4
24 94 4
24 95 4
25 92 6
24 92 6
25 93 6
24 93 6
25 92 5
24 92 5
25 93 5
24 93 5
25 92 4
24 92 4
25 93 4
24 93 4
