27 95 2
27 93 2
27 94 2
27 93 1
27 93 0
27 94 1
27 94 0
27 95 1
27 95 0
27 93 -1
26 93 -1
27 93 -2
26 93 -2
27 94 -1
27 94 -2
26 94 -2
26 94 -1
27 95 -1
27 95 -2
26 93 2
26 94 2
26 93 1
26 94 1
26 93 0
26 94 0
25 93 2
25 94 2
25 93 1
25 94 1
25 93 0
25 93 -1
25 94 -1
25 93 -2
25 94 -2
25 94 0
26 95 -2
26 96 -2
26 95 -1
26 96 -1
26 95 0
26 96 0
26 95 1
26 96 1
26 95 2
26 96 2
26 97 1
26 97 0
26 97 -1
25 96 -2
25 95 -2
25 97 -1
25 96 -1
25 95 -1
25 97 0
25 96 0
25 95 0
25 97 1
25 96 1
25 95 1
25 96 2
25 95 2
24 94 3
24 93 2
24 94 2
24 94 -3
24 93 -2
24 94 -2
24 93 -1
24 94 -1
24 93 0
24 94 0
24 93 1
24 94 1
