19 85 1
19 85 2
19 85 3
19 85 4
20 85 1
20 85 2
20 85 3
19 86 1
19 86 2
19 86 3
20 86 1
20 86 2
20 86 3
19 86 4
19 87 1
19 87 2
19 87 3
19 87 4
20 87 2
20 87 3
19 88 1
19 88 2
19 88 3
19 88 4
20 87 1
20 88 1
20 88 2
20 88 3
19 89 1
19 89 2
19 89 3
20 89 1
20 89 2
20 89 3
19 89 4
19 90 1
19 90 2
19 90 3
19 90 4
20 90 1
20 90 2
20 90 3
19 91 1
19 91 2
19 91 3
20 91 1
20 91 2
20 91 3
19 91 4
19 92 1
19 92 2
19 92 3
19 93 3
20 92 1
20 92 2
20 92 3
19 92 4
19 85 -1
19 85 -2
19 85 -3
19 85 -4
20 85 -1
20 85 -2
20 85 -3
19 86 -1
19 86 -2
19 86 -3
19 86 -4
20 86 -1
20 86 -2
20 86 -3
19 87 -1
19 87 -2
19 87 -3
20 87 -1
20 87 -2
20 87 -3
19 87 -4
19 88 -1
19 88 -2
19 88 -3
19 88 -4
20 88 -1
20 88 -2
20 88 -3
19 89 -1
19 89 -2
19 89 -3
19 89 -4
20 89 -1
20 89 -2
20 89 -3
19 90 -1
19 90 -2
19 90 -3
19 90 -4
20 90 -1
20 90 -2
20 90 -3
20 91 -1
20 91 -2
20 91 -3
19 91 -1
19 91 -2
19 91 -3
19 91 -4
20 92 -1
20 92 -2
20 92 -3
19 92 -2
19 92 -3
19 92 -4
19 92 -1
