23 97 -6
23 96 -6
23 95 -6
23 97 -5
23 96 -5
23 95 -5
23 97 -4
23 96 -4
23 95 -4
22 97 -4
22 96 -4
22 95 -4
22 97 -5
22 96 -5
22 95 -5
22 97 -6
22 96 -6
22 95 -6
23 93 -6
22 93 -6
23 94 -6
22 94 -6
23 93 -5
22 93 -5
23 94 -5
22 94 -5
23 93 -4
22 93 -4
23 94 -4
22 94 -4
22 97 4
22 96 4
22 95 4
22 97 5
22 96 5
22 95 5
22 97 6
22 96 6
22 95 6
23 97 6
23 96 6
23 97 5
23 96 5
23 95 5
23 97 4
23 96 4
23 95 4
23 95 6
23 93 4
23 93 5
23 94 4
22 94 4
22 93 4
22 93 5
23 94 5
22 94 5
22 93 6
23 93 6
23 94 6
22 94 6
