31 93 1
30 93 1
30 94 1
31 94 1
30 93 4
30 94 4
30 93 3
30 94 3
31 93 4
31 94 4
31 93 3
31 94 3
30 93 6
30 94 6
30 93 5
30 94 5
31 93 6
31 94 6
31 93 5
31 94 5
31 93 9
31 93 8
31 94 9
31 94 8
31 95 9
31 95 8
31 93 7
31 94 7
31 96 9
31 96 8
31 95 7
31 96 7
30 95 6
30 95 5
31 95 6
31 95 5
30 96 6
30 96 5
31 96 6
31 96 5
30 95 4
30 95 3
31 95 4
31 95 3
30 96 4
30 96 3
31 96 4
31 96 3
30 93 -1
30 94 -1
30 93 0
30 94 0
31 93 -1
31 94 -1
31 93 0
31 94 0
30 93 -4
30 94 -4
30 93 -3
30 94 -3
31 93 -4
31 94 -4
31 93 -3
31 94 -3
30 93 -6
30 94 -6
30 93 -5
30 94 -5
31 93 -6
31 94 -6
31 93 -5
31 94 -5
31 93 -9
31 93 -8
31 94 -9
31 94 -8
31 93 -7
31 94 -7
31 95 -9
31 95 -8
31 96 -9
31 96 -8
31 95 -7
31 96 -7
30 95 -6
30 95 -5
31 95 -6
31 95 -5
30 96 -6
30 96 -5
31 96 -6
31 96 -5
30 95 -4
30 95 -3
31 95 -4
31 95 -3
30 96 -4
30 96 -3
31 96 -4
31 96 -3
30 95 1
30 95 0
31 95 1
31 95 0
31 95 -1
30 95 -1
30 96 1
30 96 0
30 96 -1
31 96 1
31 96 0
31 96 -1
30 97 1
30 97 0
30 97 -1
31 97 1
31 97 0
31 97 -1
