26 95 -2
26 94 -2
26 95 -3
26 94 -3
26 93 -3
27 92 -4
27 92 -5
27 92 -6
26 92 -4
26 92 -5
26 93 -4
26 93 -5
27 93 -4
27 93 -5
27 93 -6
30 92 -7
30 93 -7
29 92 -7
29 93 -7
29 92 -6
29 93 -6
28 92 -7
28 93 -7
28 92 -6
28 93 -6
30 94 -7
29 94 -7
28 94 -7
29 94 -6
28 94 -6
27 94 -6
30 95 -7
29 95 -7
28 95 -7
29 95 -6
28 95 -6
27 95 -6
27 94 -4
27 95 -4
26 94 -4
26 95 -4
26 94 -5
26 95 -5
27 94 -5
27 95 -5
26 96 -4
26 96 -5
27 96 -4
27 96 -5
26 97 -5
27 97 -5
29 96 -7
28 96 -7
29 96 -6
28 96 -6
28 97 -7
29 97 -6
28 97 -6
27 97 -6
27 96 -6
26 95 2
26 94 2
26 95 3
26 94 3
26 93 3
27 92 4
27 92 5
27 92 6
26 92 4
26 92 5
26 93 4
26 93 5
27 93 4
27 93 5
27 93 6
29 92 6
29 93 6
28 92 6
28 93 6
30 92 7
30 93 7
29 92 7
29 93 7
28 92 7
28 93 7
30 94 7
29 94 7
28 94 7
29 94 6
28 94 6
27 94 6
30 95 7
29 95 7
28 95 7
29 95 6
28 95 6
27 95 6
29 96 7
28 96 7
28 97 7
29 96 6
28 96 6
29 97 6
28 97 6
26 94 4
26 95 4
27 94 4
27 95 4
26 94 5
26 95 5
27 94 5
27 95 5
26 96 4
27 96 4
27 96 5
26 96 5
26 97 5
27 97 5
27 97 6
27 96 6
