35 96 8
34 96 8
35 96 7
34 96 7
35 96 6
34 96 6
34 96 5
34 97 5
35 97 6
34 97 6
35 97 7
34 97 7
35 97 8
34 97 8
34 96 9
34 97 9
34 98 6
34 98 7
34 98 8
33 96 9
33 97 9
33 96 8
33 97 8
33 96 7
33 97 7
33 96 6
33 97 6
33 96 5
33 97 5
34 93 3
34 92 3
34 92 2
34 93 1
34 91 2
34 93 2
34 92 1
34 92 0
34 91 0
34 92 -1
34 91 -2
34 90 -3
34 90 -2
34 91 -1
34 91 1
34 89 1
34 90 1
34 89 0
34 90 0
34 89 -1
34 90 -1
33 89 -1
33 89 1
33 89 0
33 89 -2
33 89 2
33 96 2
33 95 2
33 94 2
33 93 2
33 92 2
33 95 1
33 94 1
33 93 1
33 95 0
33 94 0
33 93 0
33 92 0
33 92 1
33 95 -1
33 94 -1
33 93 -1
33 92 -1
33 93 -2
33 92 -2
33 90 -2
33 90 -1
33 91 -2
33 91 -1
33 90 0
33 90 1
33 91 0
33 91 1
33 90 2
33 91 2
35 96 -6
35 96 -7
35 96 -8
35 97 -8
35 97 -7
35 97 -6
34 96 -5
34 97 -5
34 96 -6
34 97 -6
34 96 -7
34 97 -7
34 96 -8
34 97 -8
34 96 -9
34 97 -9
34 98 -8
34 98 -7
34 98 -6
33 96 -5
33 97 -5
33 96 -6
33 97 -6
33 96 -7
33 97 -7
33 96 -8
33 97 -8
33 96 -9
33 97 -9
