22 95 -7
23 96 -6
23 95 -6
22 96 -6
22 95 -6
23 96 -5
23 95 -5
22 96 -5
22 95 -5
23 96 -4
23 95 -4
22 96 -4
22 95 -4
23 93 -4
22 93 -4
23 93 -5
22 93 -5
23 93 -6
22 93 -6
22 93 -7
22 94 -7
23 94 -6
22 94 -6
23 94 -5
22 94 -5
23 94 -4
22 94 -4
22 95 -3
22 93 -3
22 94 -3
22 95 7
23 96 6
23 95 6
22 96 6
22 95 6
23 96 5
23 95 5
22 96 5
22 95 5
23 96 4
23 95 4
22 96 4
22 95 4
23 93 4
22 93 4
23 93 5
22 93 5
23 93 6
22 93 6
22 93 7
22 94 7
23 94 6
22 94 6
23 94 5
22 94 5
23 94 4
22 94 4
22 93 3
22 94 3
22 95 3
