27 98 3
27 97 3
27 96 3
27 95 3
27 94 3
27 98 2
27 97 2
27 96 2
27 95 2
27 98 1
27 97 1
27 96 1
27 95 1
27 98 0
27 97 0
27 96 0
27 95 0
27 98 -1
27 97 -1
27 96 -1
27 95 -1
27 98 -2
27 97 -2
27 96 -2
27 95 -2
26 98 -2
26 97 -2
26 96 -2
26 95 -2
26 98 -1
26 97 -1
26 96 -1
26 95 -1
26 98 0
26 97 0
26 96 0
26 95 0
26 98 1
26 97 1
26 96 1
26 95 1
26 98 2
26 97 2
26 96 2
26 95 2
27 93 2
26 93 2
27 94 2
26 94 2
27 93 1
27 93 0
26 93 1
26 93 0
27 94 1
27 94 0
26 94 1
26 94 0
27 93 -1
27 93 -2
26 93 -1
26 93 -2
27 94 -1
27 94 -2
26 94 -1
26 94 -2
27 98 -3
27 97 -3
27 95 -3
27 94 -3
27 96 -3
