20 96 -5
20 95 -5
20 97 -6
20 96 -6
20 95 -6
20 97 -7
20 96 -7
20 95 -7
20 96 -8
20 95 -8
21 96 -8
21 95 -8
21 97 -7
21 96 -7
21 95 -7
21 97 -6
21 96 -6
21 95 -6
21 96 -5
21 95 -5
21 93 -8
21 93 -7
20 93 -8
20 93 -7
21 94 -8
21 94 -7
20 94 -8
20 94 -7
21 93 -6
20 93 -6
21 94 -6
20 94 -6
21 93 -5
20 93 -5
21 94 -5
20 94 -5
21 96 -1
21 95 -1
21 97 0
21 96 0
21 95 0
21 96 1
21 95 1
20 96 1
20 95 1
20 97 0
20 96 0
20 95 0
20 96 -1
20 95 -1
21 93 -1
20 93 -1
21 94 -1
20 94 -1
21 93 0
20 93 0
21 94 0
20 94 0
21 93 1
20 93 1
21 94 1
20 94 1
20 96 5
20 95 5
20 97 6
20 96 6
20 95 6
20 97 7
20 96 7
20 95 7
20 96 8
20 95 8
21 96 8
21 95 8
21 97 7
21 96 7
21 95 7
21 97 6
21 96 6
21 95 6
21 96 5
21 95 5
21 93 8
21 93 7
21 93 6
20 93 8
20 93 7
20 93 6
21 94 8
21 94 7
21 94 6
20 94 8
20 94 7
20 94 6
21 93 5
20 93 5
21 94 5
20 94 5
