21 92 -4
21 92 -3
22 92 -4
22 92 -3
21 93 -4
21 93 -3
22 93 -4
22 93 -3
21 92 -2
21 92 -1
22 92 -2
22 92 -1
21 93 -2
21 93 -1
22 93 -2
22 93 -1
21 92 0
21 92 1
22 92 0
22 92 1
21 93 0
22 93 0
22 93 1
21 93 1
21 92 4
21 92 3
22 92 4
22 92 3
21 93 4
21 93 3
22 93 4
22 93 3
21 92 2
22 92 2
21 93 2
22 93 2
21 94 4
21 94 3
22 94 4
22 94 3
21 94 2
22 94 2
21 95 4
21 95 3
22 95 4
22 95 3
21 95 2
22 95 2
21 94 0
21 95 0
21 94 1
21 95 1
22 94 0
22 95 0
22 94 1
22 95 1
21 94 -2
21 95 -2
21 94 -1
21 95 -1
22 94 -2
22 95 -2
22 94 -1
22 95 -1
21 94 -4
21 95 -4
21 94 -3
21 95 -3
22 94 -4
22 95 -4
22 94 -3
22 95 -3
22 96 -4
22 96 -3
21 96 -4
21 96 -3
21 97 -4
21 97 -3
22 97 -4
22 97 -3
21 96 -2
21 96 -1
22 96 -2
22 96 -1
21 97 -2
21 97 -1
22 97 -2
22 97 -1
21 96 0
21 96 1
22 96 0
22 96 1
21 97 0
21 97 1
22 97 0
22 97 1
21 96 2
21 96 3
22 96 2
22 96 3
21 96 4
22 96 4
21 97 2
21 97 3
22 97 3
21 97 4
22 97 4
22 97 2
