20 92 2
20 92 1
20 92 -2
20 92 -1
21 96 -2
21 95 -2
21 97 -1
21 96 -1
21 95 -1
21 97 0
21 96 0
21 95 0
21 97 1
21 96 1
21 95 1
21 96 2
21 95 2
20 98 3
20 97 3
20 96 3
20 95 3
20 98 2
20 97 2
20 96 2
20 95 2
20 98 1
20 97 1
20 96 1
20 95 1
20 98 0
20 97 0
20 96 0
20 95 0
20 98 -1
20 97 -1
20 96 -1
20 95 -1
20 98 -2
20 97 -2
20 96 -2
20 95 -2
20 98 -3
20 97 -3
20 96 -3
20 95 -3
20 93 -3
20 93 -2
20 94 -3
20 94 -2
21 93 -2
21 93 -1
21 93 0
21 94 -2
21 94 -1
21 94 0
20 93 -1
20 93 0
20 94 -1
20 94 0
21 93 1
21 93 2
20 93 1
20 93 2
21 94 1
21 94 2
20 94 1
20 94 2
20 93 3
20 94 3
